5.000000000000000000e-01 5.432770369185135895e-01 5.655370343197312355e-01 5.189536733058379703e-01 5.278586849436134321e-01 5.207168489965835478e-01 5.256256879195698728e-01 5.275549558237135894e-01 5.314279574326168376e-01 5.342869665373314314e-01 5.372262880987510592e-01 5.349541190206258401e-01 5.352316793019589181e-01 4.590342787199002128e-01 4.068711785552585058e-01 4.293789446153493117e-01
5.000000000000000000e-01 5.414052517992135050e-01 5.644688682977668792e-01 5.174238501239912802e-01 5.271397384959211063e-01 5.201646079996500305e-01 5.255804681851595772e-01 5.277703278578047552e-01 5.319596659791616666e-01 5.347520969796654144e-01 5.378704781797247758e-01 5.346528421123942776e-01 5.359154646596118177e-01 4.577804307024996855e-01 4.067204003948560742e-01 4.332552870241738185e-01
5.000000000000000000e-01 5.346638577382583080e-01 5.594432733568671656e-01 5.104941859707075036e-01 5.218487139101459782e-01 5.161994248897102677e-01 5.227409386897740040e-01 5.259481371634375790e-01 5.308744510470558842e-01 5.339072802804986084e-01 5.375428021538101175e-01 5.336377524092308366e-01 5.355688383460077695e-01 4.560087931939411643e-01 4.131693635060327829e-01 4.493563448278488082e-01
5.000000000000000000e-01 5.272421081232030460e-01 5.536203156816977833e-01 5.030950173700028394e-01 5.158962710773615790e-01 5.119630414182647637e-01 5.195280259964000225e-01 5.238468293673621545e-01 5.294859673317061644e-01 5.328513576853652900e-01 5.369771970764027902e-01 5.327929266487180238e-01 5.353252269158447207e-01 4.556539989301213733e-01 4.198125933071163440e-01 4.633204194240275187e-01
5.000000000000000000e-01 5.166969188407500857e-01 5.454284948854776216e-01 4.929375193722823068e-01 5.080398351872015272e-01 5.067597978484438270e-01 5.157343471136479618e-01 5.215194056254882637e-01 5.280335365046574525e-01 5.318551578952070980e-01 5.364905351932497402e-01 5.320501658202448914e-01 5.350096885024245852e-01 4.557712768247122459e-01 4.281699679907165490e-01 4.794138320123696451e-01
5.000000000000000000e-01 5.032033165450749967e-01 5.351075568696472828e-01 4.810656117349358385e-01 4.988886143408348128e-01 5.012011263031834751e-01 5.118196300255254405e-01 5.192866974203224073e-01 5.267697851673717180e-01 5.310731031416299208e-01 5.362370745506482850e-01 5.315677692228185647e-01 5.350471402763493645e-01 4.571135012940440445e-01 4.367924638148291128e-01 4.942863923553018624e-01
5.000000000000000000e-01 4.848503895322961998e-01 5.216056793729306751e-01 4.665636089879413584e-01 4.880736536713157769e-01 4.954099822115030638e-01 5.080686260653008990e-01 5.174406122485152304e-01 5.259674084248906478e-01 5.307038369650912690e-01 5.363687837816750736e-01 5.314179276014983078e-01 5.353934695848334702e-01 4.595016218723833035e-01 4.459900264985127150e-01 5.086801437669964399e-01
5.000000000000000000e-01 4.599928998336915709e-01 5.041657115777625764e-01 4.497578371788081841e-01 4.756882120204397046e-01 4.896728767409123662e-01 5.048290678687126221e-01 5.162273759773868820e-01 5.258316419514192930e-01 5.308934038661630161e-01 5.369964514826841562e-01 5.316768564300536903e-01 5.361667858079571802e-01 4.629907483297290294e-01 4.553266189335962166e-01 5.218608989096352735e-01
5.000000000000000000e-01 4.251278721433519037e-01 4.815164875476705686e-01 4.305313398922475110e-01 4.615210696103792531e-01 4.844029757509485945e-01 5.026782393088922163e-01 5.160843000063526365e-01 5.266953512211952626e-01 5.318307057720661479e-01 5.382414630554679391e-01 5.324169512744838517e-01 5.373373040030892112e-01 4.674116043691808886e-01 4.647347636615350996e-01 5.338979681789716158e-01
5.000000000000000000e-01 3.756192558808131299e-01 4.514066423738073430e-01 4.095001066653527477e-01 4.456791737890687388e-01 4.799716416043330880e-01 5.023869229924514679e-01 5.174369903091898815e-01 5.287574673273205406e-01 5.336514947177392054e-01 5.401498219178512139e-01 5.336881954327593602e-01 5.389064354661636802e-01 4.725381222983924823e-01 4.739370552915538881e-01 5.446180528664309461e-01
5.000000000000000000e-01 3.069718714589125819e-01 4.094019527729208519e-01 3.849981245508748429e-01 4.288498830522827765e-01 4.771970202754861612e-01 5.047223083737679694e-01 5.208416081134724651e-01 5.323394165657178156e-01 5.364447951616614363e-01 5.427187527522755461e-01 5.354578943572823047e-01 5.407943094298978126e-01 4.780733788349625923e-01 4.826972290677146726e-01 5.539784105390207491e-01
5.000000000000000000e-01 8.260846685569755987e-03 3.446894966519626347e-01 3.509598090675880577e-01 4.143711388751691316e-01 4.772339740243504158e-01 5.107891281085302770e-01 5.265778027184707666e-01 5.373418831405393226e-01 5.401536786199393481e-01 5.458124477066067515e-01 5.376418600347003807e-01 5.428867310512031086e-01 4.836420549467747576e-01 4.907117638903906176e-01 5.619016306472551792e-01
5.000000000000000000e-01 1.906808890665527025e-04 2.745758695486694156e-01 2.861076295016523052e-01 3.974684945407972458e-01 4.849310911140041203e-01 5.206927189864344330e-01 5.348722058158293935e-01 5.435767709146136495e-01 5.444067860023645844e-01 5.491756633213378258e-01 5.400131586258428706e-01 5.450146646360528591e-01 4.888307528691216430e-01 4.976592354220178427e-01 5.683304213566101604e-01
5.000000000000000000e-01 7.863751773783145271e-01 2.570366360487546520e-01 2.479730677599923383e-01 3.667312875540927330e-01 4.918749863790740640e-01 5.353595798826352725e-01 5.441860149387380829e-01 5.502371073443181881e-01 5.487578359258851179e-01 5.523418971457878524e-01 5.422871899655967720e-01 5.469354620540229917e-01 4.932242960500367590e-01 5.032366296507446712e-01 5.732101212304325788e-01
5.000000000000000000e-01 9.353146548364631441e-01 8.424492967616786787e-01 2.893569544117233217e-01 3.527619134843523185e-01 5.018373435348307821e-01 5.489605279349742961e-01 5.526111897161140041e-01 5.557763049225041829e-01 5.523008094127385137e-01 5.548850553603345004e-01 5.440879097939382847e-01 5.484232276488375524e-01 4.964326096909924546e-01 5.071665271733325486e-01 5.764967896695721850e-01
5.000000000000000000e-01 1.000806446899879631e+00 7.820068020036401446e-01 6.130114461705667983e-01 4.069991945144534329e-01 5.269484678491230811e-01 5.584244109189309135e-01 5.578502756707760524e-01 5.589658054981495594e-01 5.543293277391919682e-01 5.562962611041224470e-01 5.451176124631698094e-01 5.492546077907137780e-01 4.981679297632780057e-01 5.092417354805345298e-01 5.781604735642160708e-01
5.000000000000000000e-01 3.101488509418159345e-01 5.669641472219388856e-01 5.583418391952064130e-01 5.262374553841959735e-01 5.485840768361867070e-01 5.594855378190463080e-01 5.578799803487740627e-01 5.589508741288852223e-01 5.542820547631376327e-01 5.563267670033061885e-01 5.451658428884791352e-01 5.493142861493798268e-01 4.982601806378316733e-01 5.093556903555117588e-01 5.781853415927069584e-01
5.000000000000000000e-01 6.383617792038199052e+149 2.174129996979975665e+00 1.810730894410271796e+00 1.713612648170883324e+00 1.669491854499617123e+00 1.641759730114608296e+00 1.621280782701232548e+00 1.609923604878382042e+00 1.598558329371986941e+00 1.595433701708599550e+00 1.586086759614829811e+00 1.586335761698150826e+00 1.565891911418059390e+00 1.566051633911534902e+00 5.765739915203994537e-01
5.000000000000000000e-01 3.613806643946499086e+00 3.830170675222920067e+149 2.076521638003566927e+00 1.970884163904101705e+00 1.903205073063393815e+00 1.842648679333545481e+00 1.795916191267818096e+00 1.762425514707967045e+00 1.733701299567154352e+00 1.716613726285894259e+00 1.694239812005336798e+00 1.685641087898499535e+00 1.649707757636562411e+00 1.721176263520852290e+00 2.193729431265489804e+00
5.000000000000000000e-01 6.383617792038199052e+149 1.442453846899252490e+00 1.174166772299882089e+00 1.076349852686314001e+00 1.017799659185094852e+00 9.655532907610373528e-01 9.215438319677149437e-01 8.848577992045881802e-01 8.519183961547068806e-01 8.280573397247663614e-01 7.955725641803105264e-01 7.809222540702128734e-01 7.074259006033380981e-01 8.783442672671529783e-01 2.198428221546965045e+00
5.000000000000000000e-01 2.223085992976297831e+00 1.508959077305827678e+00 1.212083668024797722e+00 1.083253337964364293e+00 1.011034435246919161e+00 9.572393219940451559e-01 9.146295580746471865e-01 8.795958917549275835e-01 8.483548947959250741e-01 8.250397395334281292e-01 7.936750581954947759e-01 7.790096356439799585e-01 7.026709705724472066e-01 8.847929015358244609e-01 2.204640592708831281e+00
5.000000000000000000e-01 2.292419155461002500e+00 1.579208166821122861e+00 1.237385272778467993e+00 1.089621366015463000e+00 1.010210489893578423e+00 9.530845530775240437e-01 9.100362610360512861e-01 8.754851964843157752e-01 8.451904896144496471e-01 8.222691870428119332e-01 7.919325732683515362e-01 7.770826198738027824e-01 6.974748323570801878e-01 8.923334887332423637e-01 2.212302324538248488e+00
5.000000000000000000e-01 2.356211840157746096e+00 1.623126108860434735e+00 1.255914258551016571e+00 1.102619419545582957e+00 1.013715555598693641e+00 9.523120194832248586e-01 9.077593086315854931e-01 8.727340872171378550e-01 8.429025766713712509e-01 8.200073056850001318e-01 7.905503583492216046e-01 7.753139274090574684e-01 6.922333355355786422e-01 9.007069552966007198e-01 2.221360099449005698e+00
5.000000000000000000e-01 2.400396627506591773e+00 1.656799946553350944e+00 1.275638066166844720e+00 1.116387060838478495e+00 1.018607067156779733e+00 9.536398117809521402e-01 9.071148662808874441e-01 8.713222246777257984e-01 8.414681702058944834e-01 8.183676850293198912e-01 7.895858806597206847e-01 7.738170888766373601e-01 6.872777091639383773e-01 9.096302471827683034e-01 2.231740790332787494e+00
5.000000000000000000e-01 2.433478220553839222e+00 1.681540201557272463e+00 1.293098777225392571e+00 1.129701864588982252e+00 1.024450456284654143e+00 9.564972409048847490e-01 9.078664201665256339e-01 8.710458749172176329e-01 8.408716881558031542e-01 8.173780393932646993e-01 7.890703545697335120e-01 7.726778584147843132e-01 6.829007806434961303e-01 9.188788384623775007e-01 2.243384113694434134e+00
5.000000000000000000e-01 2.457152033737431740e+00 1.700403828688143326e+00 1.309312303389852383e+00 1.141914455592040412e+00 1.030509466611602143e+00 9.602251868676694446e-01 9.095103170702406592e-01 8.716489363249604327e-01 8.409370743062452025e-01 8.169327826379231272e-01 7.889460679869143567e-01 7.719212409133299202e-01 6.793107053516740379e-01 9.282339265229323511e-01 2.256225433595810514e+00
5.000000000000000000e-01 2.474656709599526661e+00 1.714272524259462527e+00 1.323298052893093768e+00 1.152379476288378113e+00 1.036457970427790087e+00 9.641759067521055160e-01 9.116079090448229172e-01 8.727199773268859984e-01 8.413711823082806740e-01 8.168537912811976165e-01 7.889148499462638187e-01 7.710383959346962524e-01 6.767489744360090098e-01 9.367953736274443610e-01 2.269471946063690293e+00
5.000000000000000000e-01 2.488534951505089854e+00 1.724652605460831545e+00 1.335048799874800629e+00 1.161389124084958757e+00 1.041945594555764965e+00 9.680965318611804982e-01 9.138259035388470730e-01 8.739775661769204618e-01 8.419879495650982593e-01 8.168930146407774595e-01 7.888377908906529790e-01 7.699939651142786445e-01 6.749605248888252973e-01 9.442946508553480278e-01 2.282282709624242401e+00
5.000000000000000000e-01 2.499881452358803102e+00 1.730421495141549748e+00 1.344214638975880893e+00 1.167266552314366601e+00 1.046197530226328887e+00 9.706616563589164359e-01 9.150341974968639880e-01 8.742487948782478036e-01 8.415446504742575273e-01 8.159176212338926648e-01 7.880468383435177415e-01 7.688228496256735989e-01 6.767822160635945661e-01 9.487434470910584006e-01 2.295504375558492072e+00
5.000000000000000000e-01 2.510933142617330471e+00 1.732485380836111588e+00 1.349973929329779221e+00 1.170942319037817203e+00 1.048654044432343113e+00 9.717129069321096546e-01 9.148101581356137268e-01 8.731118655848199017e-01 8.397396045707176127e-01 8.134455388596067982e-01 7.862563438725882481e-01 7.658859138417195567e-01 6.791649216426034474e-01 9.473364373691882667e-01 2.300987206023987763e+00
5.000000000000000000e-01 2.864987048389461499e+00 2.260077963817658908e+00 1.990695965318729055e+00 1.882148478127902758e+00 1.812062512118411295e+00 1.773244285847809687e+00 1.748205043925714852e+00 1.733909050142205421e+00 1.726060057667366143e+00 1.723164283489510451e+00 1.721957841034535308e+00 1.721786327334835720e+00 1.704630151465843291e+00 1.764294530196536481e+00 2.309207098074436804e+00
5.000000000000000000e-01 2.865148962072760597e+00 2.994154161937308878e+00 2.991280100277699638e+00 3.005565410742268462e+00 3.009918506124448889e+00 3.018244666689279931e+00 3.027211325881987491e+00 3.038366355507973626e+00 3.051420899768302331e+00 3.065523183484674341e+00 3.083322008200673814e+00 3.093262245510037367e+00 3.119774304224516737e+00 3.044286745342457134e+00 5.000000000000000000e-01
