5.000000000000000000e-01 5.000000000000000000e-01 5.000000000000000000e-01 5.000000000000000000e-01 5.000000000000000000e-01 5.000000000000000000e-01 5.000000000000000000e-01 5.000000000000000000e-01 5.000000000000000000e-01 5.000000000000000000e-01
5.000000000000000000e-01 5.000000000000000000e-01 5.027583737733914981e-01 5.000292724955190948e-01 5.000223628849492785e-01 5.000502886298457961e-01 5.000272563641957602e-01 5.000066622843253317e-01 5.000000000000000000e-01 5.000000000000000000e-01
5.000000000000000000e-01 5.000000000000000000e-01 4.945032229610611396e-01 5.384938091559430262e-01 5.129877808221025015e-01 5.028401465672073245e-01 4.973796447800539755e-01 4.956280251833883876e-01 4.977630044432471701e-01 5.000000000000000000e-01
5.000000000000000000e-01 5.000000000000000000e-01 4.692643536993533759e-01 5.396467531760932301e-01 5.284832879199689026e-01 5.121727648977796310e-01 4.985058854082122237e-01 4.904465776086076034e-01 4.941699269392792471e-01 5.000000000000000000e-01
5.000000000000000000e-01 5.000000000000000000e-01 4.355277802308815116e-01 5.154301170519937081e-01 5.432347563664099432e-01 5.289813757341202960e-01 5.065787702351048916e-01 4.848769444839864939e-01 4.883119574961989895e-01 5.000000000000000000e-01
5.000000000000000000e-01 5.000000000000000000e-01 4.057278384889628775e-01 4.985759892275333782e-01 5.457719520969082083e-01 5.463979780603710479e-01 5.225455864036341325e-01 4.826078047654506764e-01 4.816919246164202972e-01 5.000000000000000000e-01
5.000000000000000000e-01 5.000000000000000000e-01 3.912175416372292158e-01 4.796576784616061184e-01 5.327909954159799621e-01 5.564915701227846068e-01 5.410923281091994941e-01 4.855429271250495948e-01 4.768417206858542867e-01 5.000000000000000000e-01
5.000000000000000000e-01 5.000000000000000000e-01 4.016316886311050993e-01 4.498680206368165235e-01 5.093889458936078363e-01 5.568721557563570679e-01 5.559070678580336766e-01 4.919237131215204450e-01 4.750458225199531981e-01 5.000000000000000000e-01
5.000000000000000000e-01 5.000000000000000000e-01 4.187223374080493166e-01 4.296867369565802175e-01 4.867380569410567070e-01 5.510728452973102653e-01 5.646027384646209457e-01 4.983784577248848158e-01 4.754246850278575076e-01 5.000000000000000000e-01
5.000000000000000000e-01 5.000000000000000000e-01 4.298438218128930455e-01 4.226063181245743872e-01 4.739984591900906485e-01 5.457526920075626009e-01 5.681705637164741196e-01 5.022467724333072869e-01 4.762093459047927468e-01 5.000000000000000000e-01
5.000000000000000000e-01 5.000000000000000000e-01 4.298438218128930455e-01 4.226063181245744982e-01 4.739984591900905375e-01 5.457526920075624899e-01 5.681705637164738976e-01 5.022467724333072869e-01 4.762093459047929689e-01 5.000000000000000000e-01
5.000000000000000000e-01 5.000000000000000000e-01 4.187223374080490945e-01 4.296867369565799399e-01 4.867380569410568181e-01 5.510728452973107094e-01 5.646027384646209457e-01 4.983784577248847047e-01 4.754246850278575631e-01 5.000000000000000000e-01
5.000000000000000000e-01 5.000000000000000000e-01 4.016316886311052103e-01 4.498680206368163570e-01 5.093889458936080583e-01 5.568721557563571789e-01 5.559070678580336766e-01 4.919237131215203895e-01 4.750458225199530871e-01 5.000000000000000000e-01
5.000000000000000000e-01 5.000000000000000000e-01 3.912175416372289383e-01 4.796576784616062294e-01 5.327909954159801842e-01 5.564915701227844957e-01 5.410923281091993831e-01 4.855429271250496503e-01 4.768417206858542867e-01 5.000000000000000000e-01
5.000000000000000000e-01 5.000000000000000000e-01 4.057278384889628775e-01 4.985759892275336558e-01 5.457719520969083193e-01 5.463979780603706038e-01 5.225455864036340214e-01 4.826078047654507874e-01 4.816919246164203527e-01 5.000000000000000000e-01
5.000000000000000000e-01 5.000000000000000000e-01 4.355277802308817336e-01 5.154301170519937081e-01 5.432347563664097212e-01 5.289813757341202960e-01 5.065787702351048916e-01 4.848769444839864384e-01 4.883119574961990450e-01 5.000000000000000000e-01
5.000000000000000000e-01 5.000000000000000000e-01 4.692643536993535425e-01 5.396467531760931191e-01 5.284832879199689026e-01 5.121727648977795200e-01 4.985058854082122237e-01 4.904465776086076034e-01 4.941699269392792471e-01 5.000000000000000000e-01
5.000000000000000000e-01 5.000000000000000000e-01 4.945032229610611396e-01 5.384938091559431372e-01 5.129877808221025015e-01 5.028401465672073245e-01 4.973796447800539200e-01 4.956280251833883321e-01 4.977630044432471701e-01 5.000000000000000000e-01
5.000000000000000000e-01 5.000000000000000000e-01 5.027583737733914981e-01 5.000292724955190948e-01 5.000223628849492785e-01 5.000502886298457961e-01 5.000272563641957602e-01 5.000066622843253317e-01 5.000000000000000000e-01 5.000000000000000000e-01
5.000000000000000000e-01 5.000000000000000000e-01 5.000000000000000000e-01 5.000000000000000000e-01 5.000000000000000000e-01 5.000000000000000000e-01 5.000000000000000000e-01 5.000000000000000000e-01 5.000000000000000000e-01 5.000000000000000000e-01
